IMG_20251101_181840 (4).jpg: (1023, 1661), (3155, 1713), (3122, 4817), (1023, 4850)
PXL_20251031_225234583.jpg: (2356, 468), (372, 1386), (914, 2787), (2996, 1857)
PXL_20251031_224510121.jpg: (272, 793), (2829, 665), (2885, 2504), (292, 2487)
PXL_20251031_225055614.jpg: (922, 2802), (294, 1438), (2268, 403), (2981, 1811)
IMG_20251101_181840 (9).jpg: (4348, 1085), (4312, 3295), (1120, 3252), (1103, 1120)
PXL_20251031_224350362.jpg: (3525, 335), (3545, 2371), (405, 2618), (307, 309)
PXL_20251031_225525493.jpg: (257, 1988), (758, 546), (2935, 1282), (2424, 2782)
PXL_20251031_224607956.jpg: (183, 1869), (647, 541), (2663, 1242), (2152, 2663)
IMG_20251101_181841 (2).jpg: (4455, 1213), (4455, 3180), (1756, 3080), (1717, 1363)
PXL_20251031_224849734.jpg: (1354, 110), (396, 2106), (1821, 2721), (2681, 725)
IMG_20251101_181841 (7).jpg: (4016, 1178), (3959, 3088), (1217, 3013), (1224, 1188)
PXL_20251031_225051448.jpg: (413, 2394), (420, 927), (2613, 816), (2651, 2404)
PXL_20251031_224841195.jpg: (786, 436), (2247, 440), (2331, 2630), (766, 2647)
IMG_20251101_181840 (11).jpg: (4291, 1120), (4226, 3173), (1385, 3059), (1374, 1210)
IMG_20251101_181840.jpg: (1194, 1432), (3108, 1456), (3060, 4188), (1251, 4231)
IMG_20251101_181840 (3).jpg: (1061, 1432), (3351, 1470), (3332, 4864), (1037, 4855)
IMG_20251101_181840 (10).jpg: (3891, 1071), (3812, 3180), (742, 3120), (728, 1035)
PXL_20251031_224552844.jpg: (491, 2530), (504, 1108), (2635, 1040), (2666, 2565)
IMG_20251101_181841 (8).jpg: (1218, 1513), (1218, 4831), (3389, 4817), (3431, 1580)
PXL_20251031_224906936.jpg: (587, 2409), (556, 992), (2663, 803), (2759, 2373)
PXL_20251031_224557088.jpg: (907, 2661), (2913, 1771), (2268, 423), (375, 1338)
PXL_20251031_224845878.jpg: (255, 907), (1199, 2926), (2577, 2241), (1592, 329)
PXL_20251031_224748971.jpg: (463, 1821), (970, 526), (2963, 1280), (2388, 2696)
PXL_20251031_225522441.jpg: (990, 2862), (3215, 1965), (2572, 466), (405, 1391)
PXL_20251031_224422214.jpg: (10, 561), (655, 3685), (2772, 3198), (2056, 151)
IMG_20251101_181841 (9).jpg: (766, 3727), (766, 1827), (3474, 1856), (3503, 3617)
IMG_20251101_181841 (6).jpg: (3132, 3850), (3108, 904), (1166, 923), (1161, 3827)
IMG_20251101_181841 (5).jpg: (571, 3803), (3293, 3641), (3236, 1937), (571, 1861)
IMG_20251101_181840 (8).jpg: (3809, 1170), (3762, 3138), (892, 3095), (899, 1163)
PXL_20251031_224912815.jpg: (398, 1746), (2353, 2661), (2961, 1237), (965, 441)
IMG_20251101_181841.jpg: (4319, 1220), (4273, 3216), (1577, 3048), (1577, 1310)
PXL_20251031_225518611.jpg: (309, 2404), (2686, 2386), (2651, 781), (327, 834)
PXL_20251031_224744113.jpg: (975, 2789), (2945, 1869), (2262, 534), (425, 1501)
PXL_20251031_225228681.jpg: (2693, 2492), (2681, 924), (498, 962), (433, 2439)
PXL_20251031_224909623.jpg: (831, 2572), (2840, 1695), (2199, 307), (312, 1260)
IMG_20251101_181840 (7).jpg: (4191, 1260), (1363, 1238), (1313, 3077), (4119, 3227)
IMG_20251101_181840 (6).jpg: (4148, 1138), (1292, 1181), (1295, 3020), (4084, 3109)
PXL_20251031_224741406.jpg: (481, 2328), (2623, 2457), (2651, 927), (574, 939)
IMG_20251101_181840 (1).jpg: (3208, 4150), (3151, 1166), (1209, 1223), (1213, 4136)
IMG_20251101_181841 (4).jpg: (1056, 1389), (1147, 4169), (2898, 4136), (3032, 1475)
PXL_20251031_224520953.jpg: (677, 1821), (1174, 597), (3069, 1300), (2512, 2671)
IMG_20251101_181840 (5).jpg: (4319, 1060), (1424, 1192), (1463, 3034), (4316, 3123)
PXL_20251031_224516280.jpg: (1320, 2577), (3160, 1685), (2482, 438), (781, 1401)
PXL_20251031_224437404.jpg: (1458, 339), (147, 2506), (1753, 3413), (2926, 1125)
PXL_20251031_225241104.jpg: (917, 544), (2950, 1224), (2429, 2686), (418, 1869)
IMG_20251101_181841 (3).jpg: (4298, 1142), (4298, 3088), (1588, 3030), (1549, 1278)
IMG_20251101_181840 (2).jpg: (1142, 1428), (1199, 4236), (3008, 4207), (3032, 1485)
PXL_20251031_225058980.jpg: (241, 1945), (733, 569), (2827, 1237), (2328, 2741)
